1.7195,-0.0553618,0.226685,-0.0122914
1.11874,0.178884,0.162648,0.0475529
1.56379,0.0695225,0.258794,0.023333
1.35484,0.0489349,0.295972,-0.0169379
1.59689,0.0311684,0.17159,0.0231736
1.5833,0.00944407,0.397519,-0.0124579
2.66533,-0.0776779,0.919742,-0.0481718
2.06654,0.0341043,1.14637,-0.00215022
1.99534,0.0361739,0.704549,-0.0309427
2.20297,-0.272262,1.08507,-0.00204973
2.37437,0.0112191,1.1026,-0.0229114
2.37577,0.068986,1.14826,0.025104
2.0156,-0.0323575,0.951084,0.0325324
3.72303,0.075589,1.03764,0.0367475
3.28019,0.210009,1.12362,0.00839742
2.04875,-0.00448804,1.15638,0.0351603
1.90635,0.0210521,1.13849,-0.0199728
6.27805,-1.10027,1.96378,0.415361
2.63818,-0.299452,0.392117,0.0628562
1.42581,0.141874,0.390393,0.0473021
1.4628,0.0630915,0.108319,0.00976057
0.955518,0.156702,0.27715,0.0740172
0.474057,0.134347,0.30306,-0.00779454
0.323057,0.0940191,0.125721,0.0113029
0.726724,0.0598007,0.914272,-0.0302142
0.589218,0.0707427,1.24032,-0.124139
1.46153,0.161908,1.05239,-0.0176886
0.932253,0.0175761,1.08754,0.0208798
0.650457,0.112504,1.14249,0.0555077
0.208785,0.0705977,1.03724,0.0239857
1.46145,0.0475722,1.44686,-0.00114624
0.723246,0.105432,1.32726,-0.0196118
0.594266,0.0573451,1.24389,0.0343473
0.789789,0.0645632,1.31719,-0.0651406
3.18089,-0.0344732,1.09395,0.0260199
1.02529,0.0409221,1.13817,0.0315215
1.30301,0.0403156,1.03603,-0.0633707
3.06347,-0.209419,0.471985,0.0618648
3.32363,-0.130577,0.715785,0.0517603
1.8991,0.0454266,0.616175,-0.00666205
2.58693,-0.0882594,0.719495,0.0559802
1.77373,0.0225924,0.56491,0.0661349
3.16691,-0.0592645,0.450052,0.0572534
1.81765,0.0880671,0.465217,0.0497815
2.56919,0.00156398,0.470539,0.0421639
2.8958,-0.0995348,0.446042,0.0403415
3.76064,-0.231921,0.486816,-0.0104396
2.14731,0.000357107,0.596383,0.0037926
2.83419,-0.0752674,0.52837,0.0180821
1.70823,0.0520447,1.04864,-0.0819566
3.82756,0.273478,2.19407,0.202113
2.73023,-0.057525,0.51188,0.0499907
3.59985,-0.195634,0.641073,0.0264586
2.47971,0.750392,0.54761,0.0839369
