8.39842,-0.0579761,7.64848,-0.118512
2.58439,0.0223569,0.843866,-0.117789
2.93116,0.0899229,0.714895,-0.0650652
6.89027,-0.311697,8.96123,-0.500987
7.67949,0.0582686,5.0086,0.00713606
11.6203,0.0612648,7.72742,0.203777
5.165,-0.661751,2.71576,-0.220717
6.54164,-0.28137,4.23634,-0.609713
3.6401,0.550106,1.88778,0.22535
1.54333,0.0735707,1.03389,-0.0682153
1.44011,-0.0323214,0.99935,-0.0659368
27.1998,0.196194,18.6892,-0.114409
6.93458,0.694245,2.5063,0.138731
7.09121,1.28351,3.23147,1.11677
7.94106,-0.369319,5.68175,0.117375
5.27405,0.995889,2.68198,0.724145
7.56925,1.11947,7.37048,0.844018
15.4022,-0.191822,13.233,-1.05152
10.0906,0.0158643,5.24516,-0.0350131
4.19637,-0.523299,3.60399,-0.751513
13.3027,-0.492778,5.81461,-0.280343
16.2578,1.4349,11.772,1.46064
6.7542,0.665162,2.23747,0.29227
21.6356,-0.44702,16.6022,-0.791424
12.4876,-0.142896,4.53118,-0.0396082
17.3243,-0.846111,2.8897,-0.405847
4.90995,0.00210936,3.7608,0.14616
12.5217,0.248969,10.1624,0.606044
