0
0
0
19312
101869
92984.1
63193.1
24394.2
27367.9
27004.7
19368.2
6352.43
11642.1
4282.11
1715.76
2686.49
4719.17
3293.52
4103.82
8487.58
5399.47
2310.9
2332.3
4579.44
8133.76
5769.31
7777.78
10447.3
2131.71
690.05
446.884
327.487
655.898
732.967
69.352
186.662
273.421
166.949
178.532
132.292
137.61
440.822
272.962
130.11
123.593
72.4487
137.114
582.12
824.098
1106.97
1571.63
681.283
497.099
406.639
98.8085
7.38976
5.37508
8.26366
9.61659
1.22443
16.8277
8.38379
71.04
11.3224
10.5183
1.55257
1.5622
0
0.254869
0.424893
1.88744
2.17736
6.07827
4.0275
2.54537
4.66919
245.212
875.628
565.51
1767.41
820.637
201.488
142.793
350.434
332.125
32.2873
40.112
22.7092
0
9.18432
17.0801
16.4682
3.42817
7.59183
11.1772
12.8897
10.0189
10.7317
12.1912
75.4975
76.4769
42.1429
76.4381
66.3931
1.33218
11.1201
9.45441
2.23598
11.9182
12.6046
3.89746
0
3.87108
2.05629
0
0
0
0
0
0
5.66215
0
5.10049
0
4.83918
0
4.57814
171.109

