0
0
0
45174.6
134597
153726
76736.3
17796.3
27494.8
18617.5
14998.1
1348.91
7607.64
6072.42
1689.26
1720.77
7628.4
2362.67
5973.67
5544.11
11465.8
10206.9
3920.95
7709.73
7987.33
4971.88
5001.47
3930.86
848.843
1852.07
2731.35
688.762
425.718
982.07
440.624
243.638
493.159
430.185
219.294
250.127
174.271
236.007
6.41523
0
0.786647
0
8.1511
53.2814
23.5125
1.2459
0
0
124.631
30.3401
41.2955
22.0253
16.5522
0.201451
4.10896
0
0
0
2.52636
0
0
0
0.787068
0
0
0
0
0
0
0
0
0
0
0
0
0
0
0
0
0.672934
0
1.14903
1.79637
0
2.25131
0
0
0
0
0
0
0
0
0
0
0
0
0
0
0
0
0
0
0.434146
0.671622
0
0
0
0
0
0
0
0
0
0
0
0
0
0
0
0
0
0
0

