0
0
0
10458.1
83833.4
108674
49477.5
20064.7
17860
19020.4
10448.8
2698.05
3630.07
1681.95
651.182
1508.5
2067
1842.94
3112.2
4508.64
7082.66
3564.16
1197.97
1429.47
2792.5
4028.22
4487.6
2318.04
1875.61
1302.85
895.419
811.469
83.0274
81.2419
61.0569
93.6146
60.3899
38.1002
11.6
53.7518
87.2372
237.36
244.63
38.9531
14.949
43.718
78.6895
10.0169
23.6732
11.2988
47.1657
2.07239
1.9183
3.1439
2.0883
1.39879
0
7.25309
0
0
0
0
0
0
0.640985
0
0
0
0
0
0.301975
0
0
0
0
0.494468
0
0
0
1.87671
1.53122
0.341668
1.38571
0
1.21375
0
0
0.986622
1.45891
0.541451
1.78604
0
1.28743
0
0
0
0
0
0
0
0
0.638818
10.0092
0
0
0
0
0
0
0
0
0
0
0
0
0
0
0
0
0
0
0
0
0
0
0
0
0

