0
0
0
20245.9
78255.4
62875.7
46474.7
11856.8
16609.5
19366.6
23251.6
7969.89
7650.89
5099.39
648.7
2968.07
14774.9
3077.28
3553.93
6433.65
2067.76
714.221
439.298
456.982
256.375
232.092
373.765
2693.77
3364.2
1531.42
1927.83
546.128
516.556
2406.74
2065.19
1490.03
1845.44
904.115
853.668
1294.72
212.349
719.409
191.622
56.7948
18.2327
0.583334
3.06478
25.574
3.28718
54.4421
0.706717
2.97047
5.80242
3.1235
6.72761
3.32404
6.83826
58.9933
52.9207
0
86.4247
64.3123
57.1877
124.39
40.0027
12.6117
20.7967
9.7963
0.892691
0.218928
0
0
54.4137
102.555
5.58551
8.11856
14.4792
25.5605
68.077
4.98854
7.10504
14.2105
20.5535
15.7217
18.3202
21.6701
40.0425
53.9528
0.686673
33.6502
96.7172
1.15428
0
0
0
0
0
0
0
0
0
0
0
0
0
0
0
0
0
0
0
0
0
0
0
0
0
0
0
0
0
0
0
0
0
0
0
0

