0
0
0
5618.07
24748.6
45795.7
9763.43
2896.45
8374.58
8524.26
3116.44
2353.62
2224.65
932.593
770.505
1332.76
1103.58
1221.89
817.207
929.86
767.266
254.603
287.437
687.845
6467.41
158.567
145.476
60.0122
66.3656
56.775
22.2896
59.9746
54.1415
34.6036
41.1993
70.867
6.08563
36.2448
20.0878
28.7123
77.3652
310.256
175.383
24.9084
20.9132
49.5956
123.342
48.0113
46.6556
168.384
54.4876
43.3212
28.1092
96.5884
150.836
7.75974
22.5584
0
93.6917
8.35523
3.1395
5.0974
18.5972
9.78943
9.10902
6.2691
2.61557
6.32993
1.77455
0.909355
0.760653
1.34259
0
3.82588
4.27225
3.93936
13.074
4.78987
7.44444
9.03224
2.73801
4.09208
2.21885
8.80753
0
0
2.59147
5.09138
0
0
1.35312
1.36876
1.69197
0.201109
0.479409
0.72184
11.5793
9.68569
9.31989
2.95085
7.49382
7.01523
4.73108
11.2729
24.6762
0
0
0
0
0
0
0
0
0
0
0
0
0
0
0
0
0
0
0
0
0
0
0

