0
0
0
40891.1
89598.6
94352.9
39763.3
6404.93
35917.2
89058.3
8829.85
2846.56
10385.4
13158.7
998.052
399.621
730.541
28341.8
4892.3
903.755
1028.87
776.116
516.922
505.811
825.134
1063.75
1410.8
502.906
66.6168
95.8134
208.967
348.505
172.572
866.685
477.855
59.5119
32.6196
51.3761
85.1372
360.805
2340.42
22.0402
143.623
30.4563
84.7711
5.40221
24.8163
86.7512
89.5361
82.0119
143.585
131.083
55.0708
109.164
127.353
22.7407
15.1987
3.46388
8.33701
24.3615
34.7278
18.925
15.4912
20.3696
13.37
5.97493
1.60183
4.60671
219.143
257.812
126.762
224.897
216.939
207.202
218.601
305.976
645.538
154.877
123.697
131.097
100.213
240.325
12.3475
23.246
12.5157
6.16913
0
0
0
0
0
0
0
0
0
0
0
0
0
0
0
0
0
0
0
0
0
0
0
0
0
0
0
0
0
0
0
0
0
0
0
0
0
0
0
0
0
0

