0
0
0
48206.3
62178.1
78097.3
40343.7
4225.98
52065
28146.3
30924.4
1967.89
10691.1
6663.43
1020.36
613.419
897.627
1797.52
287.923
332.995
565.687
342.103
187.111
309.205
439.593
512.848
282.466
170.664
86.1472
223.294
335.281
94.0609
170.461
389.13
689.902
66.2773
63.0862
40.8632
65.6974
155.981
938.752
1171.96
74.5385
18.537
20.083
69.3632
55.3492
44.9872
71.9185
94.1838
155.05
100.119
98.6303
64.2684
124.939
175.7
13.6363
4.11685
2.73955
27.7187
5.0233
18.4811
2.96161
9.04391
11.185
3.64294
10.1584
13.0942
7.8174
21.431
13.2482
109.401
4.27989
3.75275
7.51303
9.80788
7.18331
7.27316
12.0899
6.25656
0
0
0
3.59895
5.88907
3.46729
3.24683
3.16303
4.9679
3.24572
0
0
2.27072
5.17871
20.0084
0
0
0
0
0
0
0
0
0
0
0
0
0
0
0
0
0
0
0
0
0
0
0
0
0
0
0
0
0
0
0
0
0

