0
0
0
65633.7
135502
118920
51383.5
10409.6
37356.7
61263.6
6473.47
1602.75
8688.92
24224.3
3313.99
4747.51
1718.75
15732
13540.7
1162.16
1047.92
359.523
477.365
371.677
1000.21
544.021
707.698
524.401
701.592
101.215
73.4513
125.695
77.8606
255.387
156.923
168.048
62.4827
104.914
263.278
63.6431
1093.84
2.82788
13.1973
14.3467
19.7758
16.3202
15.7228
85.3022
58.5837
52.0143
46.9628
93.1181
91.1203
412.221
18.0215
35.8959
189.61
0
0
4.98033
4.19086
19.9678
36.75
50.043
29.0464
24.6426
40.7906
12.7867
6.01235
12.8443
9.47057
0
0
0
0
0
0
0
0
0
0.338249
0.955174
0.99751
75.1605
5.45074
1.83372
2.34751
1.75683
0.871305
0
3.52893
70.6257
31.9094
7.31335
50.5638
60.6869
97.2076
16.2197
35.5145
2.37416
2.58732
2.38409
0
0
0
0
0
0
0
0
0
0
0
0
0
0
0
0
0
0
0
0
0
0
0
0
0
0

